8
2
3 0 0 3 0
0.8 4.3
-2.7 0.1
4.2 -0.2
0.8 4.3 -2.7 0.1
-2.7 0.1 4.2 -0.2
4.2 -0.2 0.8 4.3
3 0 3
3.35370762724431026199189764699602000083040221124245965134970016548729781189017337611881869 -0.937060316857758032658532679292734573796065079807583944766390063644398047368514707016305541 2.09075359593814689815116879111232376195927470298292337167023541902688723731115763999691565
0.00664807952958395390664859488458624723640880020201916089898526600048443370215572997459299839 1.56786452347699712947263722615323565638189867089944908550254843048634051566421529470575806 5.1995248426878855499610906973268536031044985338150184754768322158719033606299699548033663
-3.36035570677389421589854624188060624806681101144447881224868543148778224559232910609341169 -0.630804206619239096814104546860501082585833591091865140736158366841942468295700587689452521 -2.02588957624497370862975564491184658212186823383854005567584287039901020723785957315187133
0.611132075471698113207547169811320754716981132075471698113207547169811320754716981132075472 -0.0439622641509433962264150943396226415094339622641509433962264150943396226415094339622641509
1.54819239232945614586607984910405532851304621188305564287959761081420936812323168814838101 3.30974536309336686576548255265639735932096824897830870795347375039295818924866394215655454
-0.0196721311475409836065573770491803278688524590163934426229508196721311475409836065573770492 3.31639344262295081967213114754098360655737704918032786885245901639344262295081967213114754
