11
2
3 0 0 3 0
1.5 3.5
-4.0 -1.0
4.0 -1.0
1.5 3.5 -4.0 -1.0
-4.0 -1.0 4.0 -1.0
4.0 -1.0 1.5 3.5
2 0 4
-2.56822014404205523653684767290118106801753397139291855908190598732492237617665851330255221 1.64640310468119595737573040575026251629267951374512818768473882347243276151716180614216804 4.79332511337628141429763024545761161890074690161473703198138200054420554773914891802474978
1.83326178106868610843572902790354561889111795376346907589894548850475347338143340721582398 -2.43834967415261112403040919375067625662488058836231925155839558506295001604094146897537473 3.43412533307368305262851842323403792167441779763319340739088459757305734243946714489234295
-0.861064268393043599788297288676334250200791812741988427788781571047317095784084039296880637 1.56822014404205523653684767290118106801753397139291855908190598732492237617665851330255221
-2.50746737307423955716402769442659676649347132648711661547352039451974985730124584543904868 -1.0
0.543171558587007704616408012969576177324498326213531261831079143545520276524928860349167505 -1.0
2.98152123273961882864681720672025243394937891457585051338947472860847029256587032932454223 0.83326178106868610843572902790354561889111795376346907589894548850475347338143340721582398
