8
2
2 0 0 0 2
0.0 0.0
3.8 0.4
0.0 0.0 1.7
0.0 0.0 2.9
3 0 2
0.191176673830868856888494226310254443892066445539924749181516938960065480900067736944833156 2.2061022177321813911625658319557226934036844288994026296994601423983790925955074096590339 1.60891224765017421264130439276125596415132626461147509876954842500760046445846036425397955
-2.0061289008166924020951897681300777200031658296582522450477994267499751377550543532354319 -0.937487252717546568641598922961060812631912192595605499478715729131576330290005721393203358 -3.7517850017755010108261420341994190115366559959316529450631741763961322228742757505121679
1.81495222698582354520669554181982327611109938411832749586628248778990965685498661629059875 -1.26861496501463482252096690899466188077177223630379713022074441326680276230550168826583054 6.38937247654027554277705629531746369691346876512812563220357568829493559112674846659794303
1.5938977822678186088374341680442773065963155711005973703005398576016209074044925903409661 0.591176673830868856888494226310254443892066445539924749181516938960065480900067736944833156
2.53138503498536517747903309100533811922822776369620286977925558673319723769449831173416946 -1.41495222698582354520669554181982327611109938411832749586628248778990965685498661629059875
