8
2
4 0 2 0 0
0.0 0.0
5.7 0.0
3.1 4.3
2.7 1.1
0.0 0.0 5.7 0.0
0.0 0.0 3.1 4.3
2 0 2
-1.1 0.926793528024365162864941063170576697312589426142351487789422596414970530152717267235402166 -1.95052711917319832084856483051236563295615163124341336343163514394353241683201100604105762
0.841168764108014675409620484979936392342462026673396963265729423124143873062785723407547656 1.16678247924660100137463486626249241518470539183729256194923758691413504973225116472659836 1.491565896540077715572925326832002931742475330636967243074066874594962674146420985417407
1.77320647197563483713505893682942330268741057385764851221057740358502946984728273276459783 0.0
0.606423992729033835760424070566930887502705182020355950261339816670894420115031568037999473 0.841168764108014675409620484979936392342462026673396963265729423124143873062785723407547656
