9
2
3 0 0 1 0
0.0 0.0
7.1 0.0
2.3 0.0
0.0 0.0 7.1 0.0
2 0 1
3.10985915492957746478873239436619718309859154929577464788732394366197183098591549295774648 -1.83790302946921423311570723085915702455595504337510353358565390471707011743372232896302998 0.0
3.10985915492957746478873239436619718309859154929577464788732394366197183098591549295774648 5.26209697053078576688429276914084297544404495662489646641434609528292988256627767103697002 22.08
1.83790302946921423311570723085915702455595504337510353358565390471707011743372232896302998 3.10985915492957746478873239436619718309859154929577464788732394366197183098591549295774648
