8
2
3 0 0 3 0
0.0 0.0
6.7 0.0
2.4 4.1
0.0 0.0 6.7 0.0
6.7 0.0 2.4 4.1
2.4 4.1 0.0 0.0
2 0 3
2.39896124371979862034417236345947649071644877314881581516059933308495300996200216799112085 -1.40426999632378455825024723714701062871206757452613608692327765839119200583141590321431464 6.66850354574542921055556840586285379807338936445573164122231147999985522631515842773464231
0.0 -2.77974626026276810821805979629792866151214468778120342400584987032458898372063060352670495 -6.66850354574542921055556840586285379807338936445573164122231147999985522631515842773464231
2.77974626026276810821805979629792866151214468778120342400584987032458898372063060352670495 0.0
1.40426999632378455825024723714701062871206757452613608692327765839119200583141590321431464 2.39896124371979862034417236345947649071644877314881581516059933308495300996200216799112085
4.1840162565865526664683070334449392902242122623073395109291275287157809895520465067410196 2.39896124371979862034417236345947649071644877314881581516059933308495300996200216799112085
