7
2
3 0 0 2 0
0.0 0.0
4.8 0.0
2.3 3.7
0.0 0.0 4.8 0.0
0.0 0.0 2.3 3.7
1 0 2
1.76946209294018997387165923045526939545656536254367506313878504047999126814970484699411222 1.42693180176364425945017751469539681480508881713148620677975929883426083308989817480857357 4.4711966043803272754324941848675992829663679092605387009381503879415336615328840498076661
2.52686769737511370266769541470813184441322404249647340819035540507857972950728226888599468 0.0
1.09993589561146944321751790001273502960813522536498720141059610624431889641738409407742111 1.76946209294018997387165923045526939545656536254367506313878504047999126814970484699411222
