3
2
33 6 0 0 3
0 0
0 1.8300000000000001
0 4.9100000000000001
2.73 -0.54600000000000004
0 -1.25
-2.8065701309337578 0.56131402618675152
2.1027239770876038 -0.42054479541752077
-2.3233053625000251 3.8520415902198022
2.3233053625000251 -0.19204159021980249
0 5.5716600850304374
0 -6.6636600850304379
-3.8390609998086007 0.76781219996172023
9.2990609998086011 -1.8598121999617203
7.783305362500025 -4.9440415902198032
0 -4.9100000000000001
-4.8146511176424172 0.96293022352848356
4.8146511176424172 -0.96293022352848356
-2.6480805425062437 4.1347030655658736
4.4605722627906532 -2.0521683869562617
-3.1395511424191973 -3.7750918696283815
-1.4460887969914196 4.692219857510505
-7.4919764672864275 1.4983952934572855
2.7299999999999964 6.1531540448010755
-3.7037108213880283 3.2234494181750732
450.47789702529087 -390.23427960882464
-3.8882278861393185 -1.5841351372063837
2.7299999999999986 -7.2451540448010769
-4.8506869230992535 -0.76087868551688098
0 -2.7034466866936135
-30.765770224005411 6.1531540448010817
-4.7224808543826766 -1.3439771500993152
3.2851039420538353 -3.6491358004193755
-10.243595532618381 0.24539662282754901
1 0 0
0.20000000000000001 1 0
0.87032967032967046 1 1.8299999999999998
-0.45536778197841676 1 4.9100000000000001
0.85536778197841667 1 -4.9100000000000001
0.28787190006977992 1 -2.7034466866936135
0 1.8300000000000001 3.0800000000000001
2.73 -0.54600000000000004 6.6991540448010767
0 0 4.9100000000000001
0 0 1
3.9654872735302531 -0.79309745470605064
