2
2
38 4 1 1 5
0 0
0 1.8300000000000001
0 4.9100000000000001
2.73 -0.54600000000000004
2.1027239770876038 -0.42054479541752077
-2.8065701309337578 0.56131402618675152
-2.3233053625000251 3.8520415902198022
2.3233053625000251 -0.19204159021980249
9.2990609998086011 -1.8598121999617203
-3.8390609998086007 0.76781219996172023
7.783305362500025 -4.9440415902198032
0 2.7840646544216603
-2.73 0.54600000000000004
-0.91750827971559012 2.6285346786096127
2.748939081353011 0.44085136612021875
-2.748939081353011 0.44085136612021875
2.7682669019541164 -0.55365338039082301
-3.6980781854836766 5.0485471680253546
2.7531414167649517 -0.56614066162400301
2.7300000000000004 6.1531540448010764
-2.7201882969261404 -0.59295162472672658
2.7201882969261404 -0.59295162472672658
6.6008598433965586 -1.3201719686793119
-6.6008598433965586 1.3201719686793119
-4.0636111718149905 5.3666813715137067
5.876102892099401 -3.2841466929040943
0.15340229046112316 -6.7298345028933015
-2.7300000000000035 6.1531540448010746
-30.765770224005319 6.153154044801064
-4.9672603292537572 6.1531540448010738
-3.7111893664053945 5.059958217794585
0.24850169770194561 4.899958779241059
-1.0944238795503347 4.9542224414563263
6.9857267139626433 4.627727384781628
-3.6915555415766219 5.0591648728344865
3.8630810424145414 4.7539042875148043
-4.4074400737068311 5.088091655594952
4.8035905073810392 4.7159010736497242
0.20000000000000001 1 0
0.87032967032967046 1 1.8299999999999998
-3.2534008047623608e-16 1 6.1531540448010746
0.040407050944919289 1 4.9100000000000001
0 0 2.73 -0.54600000000000004
0 0 0 4.9100000000000001
0 1.8300000000000001 3.0800000000000001
2.73 -0.54600000000000004 6.6991540448010767
0 0 2.7840646544216603
0 2.7840646544216603 4.3363190980792856
0 0 6.7315826295940129
0 0 1
3.9654872735302531 -0.79309745470605064
