4
1
46 11 0 0 2
1.3700000000000001 0
0.41746167395133416 1.3048470219844739
3.1899999999999999 0
-0.97204579555091675 -3.0382934307521694
0 0
6.5762810583770896 -7.1318918607905317
1.5911806155742458 -0.30298714462225451
2.0027079392002087 -0.86672320438384753
2.3371565447340088 1.2546746019896189
0.842847326487005 -0.68386557939240555
1.8544982151021865 0.62853072598004311
2.2119219869978703 0.46031543389092877
6.5573490580719387 -1.5847843649719366
1.0982727659234215 0.37222908777613528
5.9545705649279812 2.0181365123974269
0.71666937413094878 0.24289520385726976
2.3490849482425071 0.79615717927574203
0.99818290807272758 -0
0.21593423693426594 0.67493895509318802
1.2214833978484492 -0.19266788784911276
-1.6320484251950378 2.2694133633304459
7.4038850266531799 -5.5269609959971913
1.4280970557977533 -0.3709380614517479
2.1832458745514813 -0
6.257063923430767 19.557510871781023
2.4843759283252544 1.4456596317846688
2.2731290299881119 0.43150940188050202
0.54797429771022854 -7.8505817536906326
2.1574715711488168 -0.12373680242023966
2.0373258207780789 -0
0.50491886812237541 1.5782092645229455
-0.65154237171918983 2.7692361256427258
2.5154537528729306 -0.49241876040276061
1.6653249349686754 0.38311966894804944
1.0673127885561491 0.99900587863268331
1.5328771611867276 0.51952619156650559
1.89360198179872 0.1480196196036121
0.53370524779462791 1.5485624849830253
1.7089561520920651 -0
0.82984866217574682 2.593832255997838
1.6054389148411661 0.30543062380087566
1.427884916635167 0.82930886737259335
1.6910197392641684 0.052921908507821636
1.0489802607358301 1.9472780914921779
4.5926720180758638 -8.508487660631264
1.7873279819241379 -0.23123836676599652
0 1 -0
0.95244308174049186 -0.304716550329441 -0
-0.54154624242822902 -0.39532875697260722 -0.74191835212667379
0.27679043289314492 -0.37916497656595194 0.88296148092913229
0.53674319796850278 -0.41374448477199233 0.7353381812168488
-0.25245062274401636 -0.53640696204230343 -0.80531748655341218
-0.32098764050011885 0.94708338315386287 -0
-0.54720588653009627 -0.63420710028244132 -0.54621156313112651
-0.41487164934022219 0.086417521336476857 -0.90576681689040883
-0.40510421085152926 -0.3933473989880763 -0.82532926887374769
-0.49780211327572682 -0.16871621719751936 -0.8507219840069844
1.3700000000000001 1.0001 1.0001
3.1899999999999999 -4.3698630136986303 4.3698630136986303
0 0 2
1.3700000000000001 1.0001
3.1899999999999999 -4.3698630136986303
