4
1
7 14 0 0 2
1.3700000000000001 0
3.1899999999999999 0
0.82200000000000006 1.0960000000000001
-1.9140000000000001 -2.552
1.7339999999999998 -0.72799999999999976
0 0
2.9004440446862825 0.74717737598429357
0 1 0
1 -0.75 0
-1.0960000000000001 -0.54800000000000004 -1.5015200000000002
2.552 -5.1040000000000001 8.1408799999999992
2.552 -3.2840000000000003 3.4962400000000002
-1.0960000000000001 -2.3679999999999999 -3.4962400000000002
-0.52793136978345645 2.0493599601758903 -0
-0.222707134235301 -2.3254802728723067 -0.71043575821061022
-0.52447024174899259 -1.1540756824414107 -1.6730600711792865
2.0682093294588499 3.5952919584932408 8.6850462442379204
0.74717737598429157 0.28955595531372458 2.38349582938989
8.9097226902680102 -0.50693645576428903 72.351062541424795
-0.25837733142963126 6.3597416569700176 -5.077918218973152
1.5412578573223465 -2.792959759330973 2.3834958293898945
1.3700000000000001 0.68500000000000005 0.68500000000000005
3.1899999999999999 -6.3799999999999999 6.3799999999999999
0 0 2
1.3700000000000001 0.68500000000000005
3.1899999999999999 -6.3799999999999999
