7
1
5 7 0 0 2
1.3700000000000001 0
0.82200000000000006 1.0960000000000001
3.1899999999999999 0
-1.9140000000000001 -2.552
2.9004440446862825 0.74717737598429357
0 1 -0
1 -0.75 -0
-1.0960000000000001 -0.54800000000000004 -1.5015200000000002
2.552 -5.1040000000000001 8.1408799999999992
2.552 -3.2840000000000003 3.4962400000000002
-1.0960000000000001 -2.3679999999999999 -3.4962400000000002
-0.52793136978345645 2.0493599601758903 -0
1.3700000000000001 0.68500000000000005 0.68500000000000005
3.1899999999999999 -6.3799999999999999 6.3799999999999999
0 0 2
1.3700000000000001 0.68500000000000005
3.1899999999999999 -6.3799999999999999
